96            18329094                              201407021500010003186000000220339
96            14920602                              201407021500010003186200000220339
96            20764613                              201407021500010003186400000224339
96            17843839                              201407021500010003186600000220339
96            21754406                              201407021500010003186700000220339
96            20532683                              201407021500010003186800000220339
96            17384055                              201407021500010003186900000224339
96            22326764                              201407021500010003187000000224339
96            20497081                              201407021500010003187200000226339
96            20149376                              201407021500010003187300000220339
96            22843239                              201407021500010003187500000230339
96            22227269                              201407021500010003187900000222339
96            17155465                              201407021500010003188000000222339
96            13984165                              201407021500010003188200000222339
96            20151420                              201407021500010003188300000220339
96            18419031                              201407021500010003188400000222339
96            25953701                              201407021500010003188500000220339
96            23736557                              201407021500010003188600000220339
96            18220245                              201407021500010003188700000222339
96            17032878                              201407021500010003188800000222339
96            24368307                              201407021500010003188900000235339
96            17104791                              201407021500010003189000000222339
96            20439746                              201407021500010003189100000222339
96            24522346                              201407021500010003189200000220339
96            21625125                              201407021500010003189300000230339
96            18175040                              201407021500010003189400000220339
96            23736001                              201407021500010003189600000220339
96            18408263                              201407021500010003189700000222339
96            14579072                              201407021500010003189800000220339
96            17094983                              201407021500010003194000000222339
96            23824551                              201407021500010003194100000230339
96            21392299                              201407021500010003194200000220339
96            25267383                              201407021500010003194300000220339
96            25755179                              201407021500010003194400000226339
96            26181711                              201407021500010003194500000220339
96            22776262                              201407021500010003194600000220339
96            24675628                              201407021500010003194700000222339
96            16508932                              201407021500010003194800000222339
96            16741185                              201407021500010003194900000222339
96            18388149                              201407021500010003195000000222339
96            23459978                              201407021500010003195100000220339
96            27672852                              201407021500010003195200000220339
96            18013741                              201407021500010003195300000226339
96            17027992                              201407021500010003195400000222339
96            17841327                              201407021500010003195600000237339
96            18014395                              201407021500010003195700000224339
96            20324892                              201407021500010003195800000222339
96            18388083                              201407021500010003195900000220339
96            21320271                              201407021500010003196000000220339
96            12821289                              201407021500010003196100000220339
96            20997431                              201407021500010003196200000220339
96            23451309                              201407021500010003196300000222339
96            20381100                              201407021500010003196400000239339
96            25891310                              201407021500010003196600000220339
96            24473313                              201407021500010003196500000220339
96            11865579                              201407021500010003196700000220339
96            13961921                              201407021500010003196800000220339
96            20786192                              201407021500010003196900000226339
96            14155322                              201407021500010003197000000220339
96            16556170                              201407021500010003197100000220339
96            14476140                              201407021500010003197200000235339
96            25141550                              201407021500010003197300000222339
96            21022720                              201407021500010003197400000220339
96            23231997                              201407021500010003197800000220339
96            22161395                              201407021500010003197900000220339
96            22880764                              201407021500010003190100000222339
96            24486074                              201407021500010003191000000224339
96            20184612                              201407021500010003191100000222339
96            20621691                              201407021500010003190000000220339
96            22564253                              201407021500010003192000000220339
96            20784737                              201407021500010003190800000226339
96            23825409                              201407021500010003190300000220339
96            25080548                              201407021500010003191200000220339
96            17626891                              201407021500010003191300000235339
96            12257485                              201407021500010003190500000220339
96            21747027                              201407021500010003189900000220339
96            21755348                              201407021500010003191800000222339
96            20078489                              201407021500010003192400000220339
96            11562458                              201407021500010003190600000220339
96            21629822                              201407021500010003190700000220339
96            24991329                              201407021500010003192200000220339
96            17000905                              201407021500010003193300000220339
96            21784508                              201407021500010003192300000222339
96            13684149                              201407021500010003192700000219698
96            20778334                              201407021500010003190900000220339
96            23763684                              201407021500010003191400000220339
96            21000082                              201407021500010003192500000220339
96            26904917                              201407021500010003190200000237339
96            18063086                              201407021500010003193800000222339
96            18063086                              201407021500010003193900000222339
96            17842602                              201407021500010003192800000220339
96            16500808                              201407021500010003193600000220339
96            16158329                              201407021500010003191600000237339
96            17158327                              201407021500010003193200000224339
96            18402724                              201407021500010003192900000220339
96            23078143                              201407021500010003191900000235339
96            26880732                              201407021500010003191500000224339
96            17716966                              201407021500010003190400000224339
96            17949240                              201407021500010003193700000222339
96            20997294                              201407021500010003198000000237339
96            14365593                              201407021500010003205700000220339
96            29029906                              201407021500010003198100000220339
96            12873329                              201407021500010003198200000220339
96            18017151                              201407021500010003201900000220339
96            21697180                              201407021500010003205800000235339
96            18067720                              201407021500010003242300000220339
96            25442781                              201407021500010003205900000222339
96            16783210                              201407021500010003202100000220339
96            21396964                              201407021500010003206000000220339
96            22101698                              201407021500010003202200000220339
96            14893862                              201407021500010003198300000222339
96            23195552                              201407021500010003202300000236339
96            23823889                              201407021500010003202400000224339
96            14475931                              201407021500010003206200000220339
96            16243933                              201407021500010003198400000220339
96            27695231                              201407021500010003198500000224339
96            21900430                              201407021500010003202500000220339
96            21966787                              201407021500010003202600000220339
96            17155460                              201407021500010003202700000220339
96            14969815                              201407021500010003198600000220339
96            11972578                              201407021500010003198700000220339
96            17473066                              201407021500010003202800000220339
96            24385269                              201407021500010003198800000222339
96            43231358                              201407021500010003198900000222339
96            23057635                              201407021500010003199000000220339
96            17382461                              201407021500010003199100000220339
96            25045177                              201407021500010003206300000222339
96            17067519                              201407021500010003202900000235339
96            18089735                              201407021500010003199200000220339
96            18127895                              201407021500010003203000000235339
96            20532652                              201407021500010003203100000220339
96            20622942                              201407021500010003199300000220339
96            22223285                              201407021500010003203200000220339
96            17053717                              201407021500010003199400000200231
96            14839553                              201407021500010003203300000220339
96            22207614                              201407021500010003206400000235339
96            11154785                              201407021500010003199600000220339
96            19984520                              201407021500010003206600000220339
96            20421331                              201407021500010003203400000220339
96            14290381                              201407021500010003206500000225339
96            20741092                              201407021500010003206700000220339
96            13535260                              201407021500010003199700000220339
96            22792908                              201407021500010003203500000223339
96            23407820                              201407021500010003206800000222339
96            25759442                              201407021500010003206900000220339
96            27323135                              201407021500010003207000000226339
96            17534329                              201407021500010003199800000241339
96            18511880                              201407021500010003207100000220339
96            14532923                              201407021500010003207200000220339
96            24368891                              201407021500010003203600000220339
96            23660883                              201407021500010003203700000220339
96            11747230                              201407021500010003207300000220339
96            24463307                              201407021500010003199900000220339
96            17629685                              201407021500010003203800000224339
96            21392267                              201407021500010003200000000220339
96            23395002                              201407021500010003207500000220339
96            23459804                              201407021500010003207600000224339
96            17531665                              201407021500010003207700000220339
96            18055907                              201407021500010003203900000220339
96            20197410                              201407021500010003200100000222339
96            20865857                              201407021500010003200200000235339
96            21398302                              201407021500010003204000000220339
96            20239083                              201407021500010003200300000235339
96            18329476                              201407021500010003204100000237339
96            22028868                              201407021500010003211500000220339
96            17858321                              201407021500010003207800000220339
96            13984623                              201407021500010003207900000235339
96            20268136                              201407021500010003200400000224339
96            22274820                              201407021500010003204200000239339
96            14891834                              201407021500010003208000000220339
96            25918709                              201407021500010003208100000220339
96            24463888                              201407021500010003208200000222339
96            22597419                              201407021500010003200500000222339
96            23794366                              201407021500010003208300000235339
96            18172948                              201407021500010003208400000220339
96            17158000                              201407021500010003204400000220339
96            16292993                              201407021500010003208600000220339
96            21627019                              201407021500010003200700000222339
96            25343771                              201407021500010003200800000220339
96            25185098                              201407021500010003200900000220339
96            14892313                              201407021500010003204500000220339
96            22104160                              201407021500010003204600000220339
96            21397447                              201407021500010003201100000220339
96            14907059                              201407021500010003204700000222339
96            25080641                              201407021500010003204800000220339
96            23358357                              201407021500010003204900000220339
96            22566924                              201407021500010003208800000222339
96            17728608                              201407021500010003205000000238339
96            16740075                              201407021500010003205100000241339
96            17001366                              201407021500010003208900000220339
96            11945073                              201407021500010003205200000220339
96            18385481                              201407021500010003209000000220339
96            20542112                              201407021500010003205300000220339
96            23467666                              201407021500010003209100000220339
96            24102755                              201407021500010003205400000220339
96            16094572                              201407021500010003201400000224339
96            14990436                              201407021500010003205500000220339
96            12763889                              201407021500010003205600000220339
96            18175773                              201407021500010003201600000220339
96            20477266                              201407021500010003212900000296839
96            17011528                              201407021500010003209500000222339
96            11418006                              201407021500010003209600000241339
96            13821034                              201407021500010003213100000220339
96            16179730                              201407021500010003209700000222339
96            16904318                              201407021500010003209800000222339
96            21394357                              201407021500010003209900000222339
96            14702287                              201407021500010003210000000220339
96            18256450                              201407021500010003213200000222339
96            18102272                              201407021500010003213300000222339
96            23825409                              201407021500010003213400000224339
96            14607315                              201407021500010003213500000220339
96            20381418                              201407021500010003210100000235339
96            20381418                              201407021500010003210200000241339
96            11716607                              201407021500010003216400000222339
96            21755990                              201407021500010003213600000222339
96            22566944                              201407021500010003216500000220339
96            24120084                              201407021500010003216700000222339
96            11635416                              201407021500010003213700000222339
96            21393315                              201407021500010003213800000200231
96            24841703                              201407021500010003213900000220339
96            23440130                              201407021500010003216800000241339
96            16162463                              201407021500010003214000000235339
96            17842507                              201407021500010003216900000294839
96            18567498                              201407021500010003217000000224339
96            20184612                              201407021500010003210400000222339
96            14474662                              201407021500010003217100000241339
96            17384574                              201407021500010003210500000239339
96            14408554                              201407021500010003214100000220339
96            17053717                              201407021500010003217200000274731
96            14641604                              201407021500010003217300000294839
96            16363198                              201407021500010003214200000220339
96            17001690                              201407021500010003214300000237339
96            24629511                              201407021500010003217400000220339
96            23440304                              201407021500010003214400000222339
96            17627815                              201407021500010003217500000294839
96            16837332                              201407021500010003217600000220339
96            42258039                              201407021500010003210800000230339
96            20586168                              201407021500010003217700000222339
96            22796369                              201407021500010003217800000241339
96            23763313                              201407021500010003214500000241339
96            20439732                              201407021500010003217900000237339
96            22564253                              201407021500010003210900000220339
96            18168067                              201407021500010003218000000235339
96            24370882                              201407021500010003214600000226339
96            24597672                              201407021500010003214700000220339
96            23461038                              201407021500010003214800000243298
96            18252371                              201407021500010003214900000220339
96            17385775                              201407021500010003215000000220339
96            16013598                              201407021500010003215100000292839
96            16501066                              201407021500010003215200000309839
96            20542878                              201407021500010003211100000309839
96            21452416                              201407021500010003211200000294839
96            21452416                              201407021500010003230900000222339
96            22034334                              201407021500010003211300000224339
96            18014833                              201407021500010003211400000226339
96            11558739                              201407021500010003211500000220339
96            12365581                              201407021500010003211600000222339
96            27197790                              201407021500010003211700000222339
96            17706616                              201407021500010003218300000235339
96            92156698                              201407021500010003242500000231814
96            18329142                              201407021500010003218400000293839
96            16158619                              201407021500010003211800000237339
96            22224652                              201407021500010003211900000220339
96            21422906                              201407021500010003218700000307839
96            14839840                              201407021500010003218800000224339
96            28412826                              201407021500010003215400000220339
96            11866832                              201407021500010003218900000222339
96            18465610                              201407021500010003219000000220339
96            14292813                              201407021500010003215500000220339
96            22564989                              201407021500010003215600000235339
96            22560810                              201407021500010003215700000235339
96            21719124                              201407021500010003215800000235339
96            17207909                              201407021500010003215900000237339
96            24864837                              201407021500010003219200000237339
96            27188957                              201407021500010003219300000311839
96            16372994                              201407021500010003219400000220339
96            16904508                              201407021500010003212000000292839
96            16740909                              201407021500010003216000000298839
96            17385947                              201407021500010003219500000220339
96            14892285                              201407021500010003219600000230339
96            16292217                              201407021500010003216100000264262
96            13374156                              201407021500010003212200000294839
96            92861725                              201407021500010003212300000220339
96            16947347                              201407021500010003219700000307839
96            17456683                              201407021500010003212400000226339
96            27075683                              201407021500010003212500000235339
96            13709818                              201407021500010003216200000224339
96            14921056                              201407021500010003212600000222339
96            18402448                              201407021500010003219800000221339
96            20080588                              201407021500010003216300000294839
96            22700248                              201407021500010003212700000237339
96            24841903                              201407021500010003212800000222339
96            16501724                              201407021500010003222700000308839
96            18329094                              201407021500010003222800000220339
96            20486352                              201407021500010003225000000308839
96            21734874                              201407021500010003225100000222339
96            12614316                              201407021500010003225200000310839
96            18067720                              201407021500010003225300000308839
96            16508115                              201407021500010003225400000218380
96            20543798                              201407021500010003220000000220339
96            25358938                              201407021500010003220100000222339
96            93008190                              201407021500010003225600000220339
96            20870923                              201407021500010003220200000329839
96            12998571                              201407021500010003220300000323839
96            16740342                              201407021500010003222900000220339
96            23395220                              201407021500010003225700000314839
96            20534144                              201407021500010003223000000224339
96            26286773                              201407021500010003220400000257219
96            23395323                              201407021500010003223100000310839
96            22079300                              201407021500010003225800000314839
96            18025873                              201407021500010003226000000308839
96            16292014                              201407021500010003220500000310839
96            20438956                              201407021500010003220600000327839
96            25610613                              201407021500010003226100000308839
96            21646264                              201407021500010003223600000312839
96            20381056                              201407021500010003220700000308839
96            20455279                              201407021500010003223700000310839
96            16020299                              201407021500010003226200000314839
96            21900365                              201407021500010003226300000220339
96            14155808                              201407021500010003220900000308839
96            20532594                              201407021500010003221000000308839
96            21409886                              201407021500010003221100000308839
96            18174772                              201407021500010003226400000308839
96            17320961                              201407021500010003221200000220339
96            18161373                              201407021500010003226500000310839
96            17154774                              201407021500010003221300000310839
96            14428477                              201407021500010003226700000222339
96            25757287                              201407021500010003224100000310839
96             7985541                              201407021500010003221400000308839
96            20820024                              201407021500010003226800000308839
96            22035515                              201407021500010003221500000323839
96            16381936                              201407021500010003221600000308839
96            21384730                              201407021500010003226900000310839
96            17810105                              201407021500010003224300000237339
96            16683220                              201407021500010003227000000308839
96            20786881                              201407021500010003224400000220339
96            20346826                              201407021500010003221700000308839
96            92680298                              201407021500010003221900000308839
96            17154540                              201407021500010003222000000308839
96            22162532                              201407021500010003227100000222339
96            13370684                              201407021500010003224600000310839
96            17911192                              201407021500010003227200000255219
96            25921725                              201407021500010003222100000312839
96            23027433                              201407021500010003227300000323839
96            20543958                              201407021500010003227400000220339
96            14812571                              201407021500010003224800000308839
96            20783373                              201407021500010003222300000310839
96            20749020                              201407021500010003222400000278262
96            18175773                              201407021500010003227500000308839
96            22700248                              201407021500010003222500000325839
96            18408263                              201407021500010003222600000310839
96            16424126                              201407021500010003224900000308839
96            13821034                              201407021500010003229600000220339
96            17599067                              201407021500010003229800000222339
96             8633731                              201407021500010003227800000222339
96             7649568                              201407021500010003232500000220339
96            16013545                              201407021500010003232700000226339
96            14920926                              201407021500010003232900000220339
96            20783011                              201407021500010003229900000220339
96            20421331                              201407021500010003230000000220339
96            13984520                              201407021500010003233200000220339
96            18408255                              201407021500010003228000000235339
96            17629893                              201407021500010003228200000220339
96            17491272                              201407021500010003230500000220339
96            20210160                              201407021500010003231000000230339
96            22224468                              201407021500010003228300000220339
96            17533985                              201407021500010003233700000220339
96            18271402                              201407021500010003231200000220339
96            11189860                              201407021500010003231300000226339
96            17591756                              201407021500010003231400000222339
96            13252063                              201407021500010003229100000223339
96            14367833                              201407021500010003233900000220339
96            13154168                              201407021500010003234300000222339
96            20543958                              201407021500010003231900000220339
96            20846506                              201407021500010003234400000225339
96            27075683                              201407021500010003232000000235339
96            13187656                              201407021500010003234600000220339
96            13964613                              201407021500010003229500000222339
96            23231997                              201407021500010003232200000220339
96             8390147                              201407021500010003239500000222339
96            17534211                              201407021500010003234700000235339
96            20645304                              201407021500010003234800000220339
96            16350146                              201407021500010003234900000235339
96            16903538                              201407021500010003239600000237339
96            17000617                              201407021500010003237200000235339
96            16230498                              201407021500010003235000000224339
96            20785600                              201407021500010003237300000222339
96            16131947                              201407021500010003239700000235339
96            21399135                              201407021500010003235100000235339
96            16551258                              201407021500010003235200000220339
96            14839569                              201407021500010003235300000220339
96            17186387                              201407021500010003239900000230339
96            17638599                              201407021500010003235400000222339
96            21719645                              201407021500010003240000000220339
96            12245846                              201407021500010003237500000235339
96            20268022                              201407021500010003240100000222339
96            20346273                              201407021500010003235500000220339
96            14797764                              201407021500010003235600000220339
96            18217301                              201407021500010003235700000226339
96            17393039                              201407021500010003240200000222339
96            16229430                              201407021500010003237600000224339
96            17210859                              201407021500010003237800000220339
96            17728702                              201407021500010003240400000220339
96             6554133                              201407021500010003240500000226339
96            18014358                              201407021500010003235900000235339
96            12875274                              201407021500010003236000000220339
96            20072734                              201407021500010003240600000237339
96            22777718                              201407021500010003238000000220339
96            13440417                              201407021500010003238100000235339
96            18525293                              201407021500010003240700000224339
96            20380495                              201407021500010003240800000220339
96            22183356                              201407021500010003238300000220339
96            18177047                              201407021500010003241000000235339
96            21390904                              201407021500010003238400000237339
96            16083279                              201407021500010003241100000237339
96            16293079                              201407021500010003238500000220339
96            16013686                              201407021500010003241200000220339
96            25756321                              201407021500010003236100000220339
96            22776834                              201407021500010003241300000220339
96            12873016                              201407021500010003236200000220339
96            22565184                              201407021500010003238700000237339
96            16988292                              201407021500010003241400000222339
96            17842041                              201407021500010003236400000220339
96            23290115                              201407021500010003238800000200231
96            22374707                              201407021500010003236500000235339
96            23519091                              201407021500010003236600000235339
96            23764706                              201407021500010003239000000220339
96            13372141                              201407021500010003236700000222339
96            18448473                              201407021500010003239100000220339
96            12872666                              201407021500010003236800000237339
96            21023619                              201407021500010003236900000235339
96            16741545                              201407021500010003237000000220339
96            13820970                              201407021500010003239300000222339
96            18402506                              201407021500010003241500000222339
96            21393961                              201407021500010003241600000220339
